firstItrationRadialRunOutMeasurement:0.0738000000000001 
 secondItrationRadialRunOutMeasurement:0.418896 
 thirdItrationRadialRunOutMeasurement:0.0758879999999998