firstItrationRadialRunOutMeasurement:0.136439999999999 
 secondItrationRadialRunOutMeasurement:0.144480000000001 
 thirdItrationRadialRunOutMeasurement:0.144239999999999