firstItrationRadialRunOutMeasurement:0.0450000000000004 
 secondItrationRadialRunOutMeasurement:0.0458639999999999 
 thirdItrationRadialRunOutMeasurement:0.746028