firstItrationRadialRunOutMeasurement:0.0457559999999999 
 secondItrationRadialRunOutMeasurement:0.0456479999999999 
 thirdItrationRadialRunOutMeasurement:0.045828