firstItrationRadialRunOutMeasurement:0.0391680000000001 
 secondItrationRadialRunOutMeasurement:0.740916 
 thirdItrationRadialRunOutMeasurement:0.0412559999999997