firstItrationRadialRunOutMeasurement:0.0438840000000003 
 secondItrationRadialRunOutMeasurement:3.25224 
 thirdItrationRadialRunOutMeasurement:0.0390600000000005